"CHLOROPHYLL-SPECIFIC ABSORPTION" coefficient, achl*(wavelength) in m^2/mg, 
for use by the IOP (ab) and chlorophyll-fluorescence routines.  This file contains 
the ac*' data of Prieur and Sathyendranath, 1981, Limnol & Oceanogr, 26(4), 671-689, 
Table 2 Columm 3, scaled so that ac*(440nm) equals 0.05.  This file is consistent 
with the Prieur-Sathyendranath-Morel model for absorption by Chl (Light & Water Eq. 3.27)
as used in routine abcase1.  Values below 400 and above 700 nm were extrapolated by eye.
Note that the abcase1 model normalizes these values to 1 at 440nm, whereas
fluorescence routine shatchl (in file shat.f) requires absolute values, as given here. 
wavelength    a*  copy from Nima file cdom8
(nm)        (m^2/mg)
300	10.72246572
301	10.5387356
302	10.36379779
303	10.19651423
304	10.02108516
305	9.863207721
306	9.688682311
307	9.523217496
308	9.415181062
309	9.22833029
310	9.053994468
311	8.940950633
312	8.787531179
313	8.619910767
314	8.467644616
315	8.344555508
316	8.213076832
317	8.106583984
318	7.953583889
319	7.845678807
320	7.683194261
321	7.595420753
322	7.469878773
323	7.363118641
324	7.235261308
325	7.110815453
326	7.006729644
327	6.881426737
328	6.768492332
329	6.666484288
330	6.558469335
331	6.444088419
332	6.338102111
333	6.238566282
334	6.138036715
335	6.00908321
336	5.913253084
337	5.835192897
338	5.735471795
339	5.643878517
340	5.546286345
341	5.430309923
342	5.362437596
343	5.247856274
344	5.170809681
345	5.089848325
346	5.024023783
347	4.944960206
348	4.864169111
349	4.772851251
350	4.681645731
351	4.624112059
352	4.518895147
353	4.42381925
354	4.384689376
355	4.253873232
356	4.103401211
357	4.18619977
358	4.094917137
359	3.980119611
360	3.859620577
361	3.818879372
362	3.849482556
363	3.756068186
364	3.701941562
365	3.630181334
366	3.487638603
367	3.40758916
368	3.434085984
369	3.394543865
370	3.349542228
371	3.280272061
372	3.228266227
373	3.169739745
374	3.033369259
375	3.055478611
376	3.003040583
377	2.937596504
378	2.836213974
379	2.850297329
380	2.78144422
381	2.723334454
382	2.67681353
383	2.65079118
384	2.583065162
385	2.552218815
386	2.507671537
387	2.461750816
388	2.414349265
389	2.384169985
390	2.341203807
391	2.296605948
392	2.138474836
393	2.105558842
394	2.065827911
395	2.022720976
396	2.108776847
397	1.972062524
398	1.937134914
399	1.910596199
400	1.977613852
401	1.848314975
402	1.818372634
403	1.795384118
404	1.770727602
405	1.748518819
406	1.782667813
407	1.680597735
408	1.727941903
409	1.638226482
410	1.609952947
411	1.638364376
412	1.617735243
413	1.586096689
414	1.559532753
415	1.537533865
416	1.505888885
417	1.482085596
418	1.459439839
419	1.432083402
420	1.408969676
421	1.387771264
422	1.358109402
423	1.337419506
424	1.315480092
425	1.296796106
426	1.271288859
427	1.25409801
428	1.228147523
429	1.20987475
430	1.187456857
431	1.169512643
432	1.149289707
433	1.13030217
434	1.112850454
435	1.091920281
436	1.073063223
437	1.053405633
438	1.034308211
439	1.018934605
440	1
441	0.982451494
442	0.963972596
443	0.949493952
444	0.931181108
445	0.917045855
446	0.901171128
447	0.884856163
448	0.86854089
449	0.852966813
450	0.840281521
451	0.823180676
452	0.80958972
453	0.800930953
454	0.787410349
455	0.77043222
456	0.759857395
457	0.75005843
458	0.738132114
459	0.726946728
460	0.713102253
461	0.705394788
462	0.700028264
463	0.685906391
464	0.670355066
465	0.655263046
466	0.646836064
467	0.632820221
468	0.628348695
469	0.618726451
470	0.607692137
471	0.598680917
472	0.585277615
473	0.578913984
474	0.572052039
475	0.563316275
476	0.559642046
477	0.550165637
478	0.544535607
479	0.53432496
480	0.522422359
481	0.515334364
482	0.509782792
483	0.501379697
484	0.493696883
485	0.483187237
486	0.476535134
487	0.475560571
488	0.461906338
489	0.45479132
490	0.452611541
491	0.445001035
492	0.438691159
493	0.427808364
494	0.419475259
495	0.412925077
496	0.408537049
497	0.404963186
498	0.39655508
499	0.386543531
500	0.381624041
501	0.37608213
502	0.3726466
503	0.37197176
504	0.363487109
505	0.358325796
506	0.351711121
507	0.346064749
508	0.343872987
509	0.337129163
510	0.332587851
511	0.325681129
512	0.324750435
513	0.317615203
514	0.314991512
515	0.30673235
516	0.304644352
517	0.294884558
518	0.291290129
519	0.2864339
520	0.284864389
521	0.283320254
522	0.283736703
523	0.273594694
524	0.27105779
525	0.266437148
526	0.262709336
527	0.262475748
528	0.258269684
529	0.251183892
530	0.248497606
531	0.244144552
532	0.241845528
533	0.239398334
534	0.233869616
535	0.2288341
536	0.228011381
537	0.224465975
538	0.221884868
539	0.217720075
540	0.214116897
541	0.213474966
542	0.209323604
543	0.204992064
544	0.201442519
545	0.196684907
546	0.195610331
547	0.195145604
548	0.19127767
549	0.188787314
550	0.186028111
551	0.18227533
552	0.181370539
553	0.177871137
554	0.173320173
555	0.174346098
556	0.168868302
557	0.16885487
558	0.164396986
559	0.162505872
560	0.158486551
561	0.157733409
562	0.154143292
563	0.152299142
564	0.148284914
565	0.145482752
566	0.143844177
567	0.144924977
568	0.138759966
569	0.135346113
570	0.134781537
571	0.134205862
572	0.132646687
573	0.12999202
574	0.12769476
575	0.128011401
576	0.124310619
577	0.125179366
578	0.121229579
579	0.116233913
580	0.114157258
581	0.115765566
582	0.111540803
583	0.113183946
584	0.108303918
585	0.108134489
586	0.102871424
587	0.10408877
588	0.100765243
589	0.101038299
590	0.099835876
591	0.09785031
592	0.093531963
593	0.093144686
594	0.093456377
595	0.089331605
596	0.08903137
597	0.085149853
598	0.085273871
599	0.08535637
600	0.08369362
601	0.082028984
602	0.08270131
603	0.081160609
604	0.077554445
605	0.079330436
606	0.075526362
607	0.073042987
608	0.074020859
609	0.073980913
610	0.071884119
611	0.070248546
612	0.072929067
613	0.070598615
614	0.066099048
615	0.065837452
616	0.065758917
617	0.064839027
618	0.065028143
619	0.063319602
620	0.061651607
621	0.062366583
622	0.060384898
623	0.059874753
624	0.05516885
625	0.056418801
626	0.053150248
627	0.053214084
628	0.053908705
629	0.05254303
630	0.051363724
631	0.050374068
632	0.049060834
633	0.049915724
634	0.046246526
635	0.046815982
636	0.044852434
637	0.045257697
638	0.041754066
639	0.040550147
640	0.037291897
641	0.039979737
642	0.038873557
643	0.037237921
644	0.036055911
645	0.035644086
646	0.032698616
647	0.032783962
648	0.029191138
649	0.031313871
650	0.029776098
651	0.027633777
652	0.025300697
653	0.023414874
654	0.024160805
655	0.023907703
656	0.023355233
657	0.02503934
658	0.023994686
659	0.02284833
660	0.020575398
661	0.021494612
662	0.019980414
663	0.01877843
664	0.019701142
665	0.020387609
666	0.01812763
667	0.018754358
668	0.018571924
669	0.017607731
670	0.02038182
671	0.016650093
672	0.019053773
673	0.015934339
674	0.015793467
675	0.015755382
676	0.013515447
677	0.015310811
678	0.013550725
679	0.011756547
680	0.009169843
681	0.00929172
682	0.006428241
683	0.006305676
684	0.00685497
685	0.005138541
686	0.003972199
687	0.004103784
688	0.002546759
689	0.000773314
690	-0.001278307
691	-0.001326123
692	-0.001411141
693	-0.001438383
694	-0.003419748
695	-0.003357827
696	-0.005588559
697	-0.005122271
698	-0.009207391
699	-0.009895009
700	-0.007818351
701	-0.013755824
702	-0.011008139
703	-0.01340058
704	-0.01173671
705	-0.009432836
706	-0.013199689
707	-0.011097415
708	-0.012500175
709	-0.01564536
710	-0.014414292
711	-0.017855116
712	-0.016211029
713	-0.016807072
714	-0.01572471
715	-0.018516545
716	-0.020327366
717	-0.022011739
718	-0.018327382
719	-0.019650094
720	-0.019219515
721	-0.01979427
722	-0.02205423
723	-0.024764215
724	-0.022679222
725	-0.025118136
726	-0.02002891
727	-0.023707908
728	-0.025060177
729	-0.025132578
730	-0.027526529
731	-0.026278789
732	-0.030784224
733	-0.028945036
734	-0.034542022
735	-0.034571776
736	-0.031815922
737	-0.031146479
738	-0.033948883
739	-0.03286991
740	-0.033028656
741	-0.03280328
742	-0.03407186
743	-0.034475429
744	-0.03493189
745	-0.033718283
746	-0.033570527
747	-0.033983265
748	-0.034163843
749	-0.035056876
750	-0.029945223
751	-0.034421187
752	-0.032928776
753	-0.037935316
754	-0.034842311
755	-0.030703913
756	-0.034747863
757	-0.039555222
758	-0.03429392
759	-0.034748467
760	-0.028939181
761	-0.030929158
762	-0.031366858
763	-0.040640188
764	-0.039020483
765	-0.033833417
766	-0.033244898
767	-0.041731124
768	-0.033644038
769	-0.040050988
770	-0.043357623
771	-0.04076657
772	-0.038137354
773	-0.038644872
774	-0.042829679
775	-0.035866317
776	-0.039054118
777	-0.041524016
778	-0.03876756
779	-0.041018279
780	-0.039780065
781	-0.035673789
782	-0.039540812
783	-0.034349674
784	-0.035515293
785	-0.035557815
786	-0.038802123
787	-0.036027411
788	-0.04398479
789	-0.033937609
790	-0.044117377
791	-0.035600442
792	-0.036469748
793	-0.03500551
794	-0.042191969
795	-0.04301073
796	-0.040164996
797	-0.045175343
798	-0.044544017
799	-0.043303107
800	-0.042698654
-1.0		-1.0
