"CHLOROPHYLL-SPECIFIC ABSORPTION" coefficient, achl*(wavelength) in m^2/mg, 
for use by the IOP (ab) and chlorophyll-fluorescence routines.  This file contains 
the ac*' data of Prieur and Sathyendranath, 1981, Limnol & Oceanogr, 26(4), 671-689, 
Table 2 Columm 3, scaled so that ac*(440nm) equals 0.05.  This file is consistent 
with the Prieur-Sathyendranath-Morel model for absorption by Chl (Light & Water Eq. 3.27)
as used in routine abcase1.  Values below 400 and above 700 nm were extrapolated by eye.
Note that the abcase1 model normalizes these values to 1 at 440nm, whereas
fluorescence routine shatchl (in file shat.f) requires absolute values, as given here. 
wavelength    a*
(nm)        (m^2/mg)
750	0
749	0
748	0
747	0
746	0
745	0
744	0
743	0
742	7.09E-06
741	-3.61E-05
740	7.95E-05
739	1.13E-05
738	1.26E-04
737	6.84E-05
736	1.46E-04
735	1.44E-04
734	1.58E-04
733	0.000245508
732	0.000258905
731	0.000254901
730	0.000306742
729	0.000368906
728	0.000439838
727	0.000506312
726	0.000502648
725	0.000554698
724	0.000660397
723	0.000744287
722	0.000778529
721	0.000825889
720	0.000933234
719	0.001036098
718	0.00107676
717	0.001130154
716	0.001241662
715	0.001335219
714	0.001453767
713	0.001544337
712	0.001597891
711	0.001723771
710	0.001823926
709	0.002008574
708	0.002148784
707	0.002283934
706	0.002462254
705	0.002705668
704	0.002881326
703	0.003124424
702	0.003418882
701	0.003726017
700	0.004055124
699	0.00444172
698	0.004867052
697	0.005415596
696	0.005891305
695	0.00641453
694	0.007054094
693	0.007625734
692	0.008399655
691	0.009073307
690	0.009757272
689	0.010499465
688	0.011132845
687	0.011904487
686	0.012527019
685	0.013086526
684	0.013696713
683	0.01411208
682	0.01457031
681	0.01484847
680	0.015027099
679	0.01513651
678	0.015249906
677	0.015194261
676	0.015117109
675	0.015047556
674	0.014866553
673	0.01471495
672	0.014424687
671	0.014176133
670	0.013981971
669	0.013590579
668	0.013159716
667	0.012787392
666	0.012329071
665	0.011860847
664	0.011378568
663	0.010949248
662	0.01047366
661	0.010048254
660	0.009660799
659	0.009245913
658	0.00885801
657	0.008560608
656	0.008305129
655	0.008079108
654	0.007878615
653	0.007765918
652	0.007627852
651	0.007542894
650	0.00747643
649	0.007429424
648	0.007474874
647	0.007454801
646	0.007506704
645	0.007537457
644	0.007604944
643	0.007685013
642	0.007776224
641	0.007905051
640	0.008048241
639	0.008083435
638	0.008174457
637	0.008303623
636	0.008360639
635	0.008449013
634	0.008540072
633	0.008603382
632	0.008695107
631	0.00869449
630	0.008759253
629	0.008754509
628	0.00883439
627	0.008870163
626	0.008873992
625	0.008866044
624	0.008846438
623	0.008830811
622	0.008824107
621	0.008799667
620	0.008739842
619	0.008704684
618	0.008653638
617	0.008554616
616	0.00848319
615	0.008378006
614	0.008264849
613	0.008172522
612	0.008079358
611	0.007969675
610	0.00785189
609	0.007733825
608	0.007601871
607	0.007541334
606	0.007445912
605	0.007362944
604	0.007254489
603	0.007173293
602	0.007110217
601	0.007016192
600	0.007011621
599	0.006932578
598	0.006897832
597	0.006841419
596	0.006793603
595	0.006769022
594	0.00668352
593	0.006650448
592	0.006607277
591	0.006554201
590	0.006533631
589	0.006416004
588	0.006369983
587	0.006320867
586	0.006254654
585	0.006161627
584	0.006093938
583	0.006033861
582	0.005976713
581	0.005847311
580	0.005816243
579	0.005724876
578	0.005648016
577	0.005584801
576	0.00549513
575	0.005404241
574	0.005321232
573	0.0052332
572	0.005149007
571	0.005102382
570	0.004992597
569	0.004945504
568	0.004861716
567	0.004845766
566	0.004726289
565	0.004706105
564	0.004648062
563	0.004616825
562	0.004554205
561	0.004554756
560	0.004487621
559	0.004483164
558	0.004490594
557	0.004453699
556	0.004491269
555	0.004472793
554	0.004464338
553	0.004475031
552	0.004490615
551	0.004470843
550	0.004573461
549	0.004552121
548	0.004580174
547	0.004616894
546	0.004661007
545	0.004724779
544	0.004735033
543	0.004777433
542	0.004821174
541	0.004853959
540	0.004888895
539	0.004974241
538	0.005016981
537	0.005066469
536	0.005120092
535	0.005186526
534	0.00528275
533	0.005329751
532	0.005390502
531	0.005464789
530	0.005592971
529	0.005666044
528	0.005792082
527	0.005860602
526	0.005969707
525	0.006088977
524	0.006240103
523	0.006331189
522	0.006446526
521	0.006620344
520	0.006723134
519	0.006858307
518	0.00693761
517	0.007114878
516	0.007213395
515	0.007366486
514	0.00746836
513	0.007587484
512	0.007764196
511	0.007909903
510	0.008049314
509	0.008117479
508	0.008298009
507	0.008390535
506	0.008531852
505	0.008654138
504	0.008760787
503	0.008872096
502	0.008983931
501	0.009045511
500	0.009122352
499	0.009285871
498	0.009348184
497	0.009450363
496	0.009501467
495	0.009568149
494	0.009603859
493	0.0096875
492	0.009738061
491	0.009804634
490	0.009807204
489	0.009843694
488	0.009908085
487	0.009947741
486	0.009961445
485	0.010047998
484	0.010086177
483	0.01015277
482	0.010257771
481	0.010245489
480	0.01033893
479	0.010393534
478	0.010450254
477	0.010526505
476	0.010588776
475	0.010680876
474	0.010806255
473	0.010867295
472	0.010893355
471	0.011034185
470	0.011122353
469	0.011224477
468	0.011280674
467	0.011400235
466	0.011511064
465	0.011551293
464	0.011721204
463	0.011849512
462	0.011970304
461	0.012173655
460	0.012350831
459	0.012512863
458	0.012787778
457	0.013086021
456	0.013363516
455	0.013693237
454	0.014162731
453	0.014639229
452	0.015189234
451	0.015711438
450	0.016324858
449	0.016889374
448	0.017500841
447	0.018106829
446	0.01869936
445	0.019251856
444	0.019649485
443	0.020068498
442	0.020392444
441	0.020625829
440	0.020787299
439	0.020949606
438	0.020943053
437	0.020925536
436	0.020830257
435	0.020723062
434	0.020630944
433	0.020427437
432	0.020320124
431	0.020131982
430	0.019965654
429	0.019877479
428	0.019804156
427	0.019707118
426	0.019673721
425	0.019615384
424	0.019611906
423	0.019653709
422	0.019620169
421	0.019652728
420	0.019619525
419	0.019611939
418	0.019602955
417	0.019525117
416	0.019389842
415	0.019343615
414	0.019146693
413	0.018988309
412	0.018866666
411	0.01869251
410	0.018478081
409	0.018265072
408	0.018087992
407	0.017912459
406	0.017711287
405	0.01755577
404	0.017433618
403	0.01733386
402	0.01713244
401	0.017165386
400	0.017002977
399	0.017049279
398	0.017026071
397	0.016918663
396	0.016983985
395	0.016953208
394	0.016985878
393	0.01698694
392	0.017037447
391	0.016976255
390	0.017001806
389	0.017064953
388	0.017063815
387	0.017095146
386	0.017140419
385	0.017168367
384	0.017265001
383	0.017195317
382	0.017120799
381	0.017152651
380	0.0171959
379	0.017050681
378	0.017061681
377	0.017014709
376	0.016768693
375	0.016877285
374	0.016611424
373	0.016637907
372	0.016420853
371	0.016468482
370	0.016361795
369	0.016272847
368	0.01623299
367	0.016069834
366	0.016242658
365	0.016011709
364	0.015994804
363	0.016137152
362	0.016050535
361	0.015927288
360	0.016115996
359	0.016101762
358	0.01653519
357	0.016335859
356	0.016404853
355	0.016761457
354	0.016711886
353	0.017476449
352	0.016741403
351	0.017596789
350	0.017910088
349	0.017877278
348	0.018550844
347	0.018700578
346	0.019201704
345	0.019490984
344	0.019893589
343	0.02024728
342	0.020931424
341	0.020848138
340	0.021280867
339	0.020973507
338	0.021233003
337	0.021242281
336	0.021598387
335	0.021396536
334	0.021333806
333	0.021273508
332	0.021071421
331	0.020936396
330	0.020786223
329	0.021049935
328	0.020558725
327	0.020744096
326	0.020447855
325	0.020315733
324	0.019942842
323	0.019685219
322	0.019659039
321	0.019516537
320	0.019567276
319	0.01900705
318	0.019072139
317	0.018839474
316	0.018302343
315	0.018360812
314	0.018310638
313	0.017857957
312	0.017450291
311	0.018113666
310	0.017933801
309	0.017860302
308	0.017789912
307	0.017449283
306	0.017755382
305	0.017664694
304	0.017569283
303	0.017288704
302	0.017305306
301	0.01709961
300	0.016700127
-1.0		-1.0
