"CHLOROPHYLL-SPECIFIC ABSORPTION" coefficient, achl*(wavelength) in m^2/mg, 
for use by the IOP (ab) and chlorophyll-fluorescence routines.  This file contains 
the ac*' data of Prieur and Sathyendranath, 1981, Limnol & Oceanogr, 26(4), 671-689, 
Table 2 Columm 3, scaled so that ac*(440nm) equals 0.05.  This file is consistent 
with the Prieur-Sathyendranath-Morel model for absorption by Chl (Light & Water Eq. 3.27)
as used in routine abcase1.  Values below 400 and above 700 nm were extrapolated by eye.
Note that the abcase1 model normalizes these values to 1 at 440nm, whereas
fluorescence routine shatchl (in file shat.f) requires absolute values, as given here. 
wavelength    a*
(nm)        (m^2/mg)
750	0
749	0
748	0
747	0
746	0
745	2.81E-05
744	4.22E-05
743	0.00016628
742	0.000175664
741	0.000196281
740	0.000254737
739	0.000389949
738	0.000291093
737	0.000458907
736	0.000510428
735	0.000506
734	0.000535886
733	0.000717562
732	0.000731265
731	0.000868406
730	0.000823171
729	0.000898107
728	0.001015161
727	0.001083088
726	0.001044751
725	0.001188577
724	0.001281917
723	0.00131906
722	0.001303658
721	0.001376613
720	0.001451527
719	0.001492916
718	0.001648072
717	0.00170106
716	0.001746475
715	0.001782756
714	0.001884369
713	0.001892481
712	0.001980998
711	0.002079499
710	0.002131372
709	0.002157245
708	0.002220747
707	0.002325672
706	0.002369926
705	0.002442637
704	0.002464818
703	0.002522357
702	0.002594679
701	0.002683862
700	0.002749354
699	0.002837094
698	0.002892111
697	0.002930091
696	0.003027316
695	0.003073163
694	0.003154254
693	0.003233261
692	0.003290253
691	0.003389703
690	0.003406043
689	0.003507708
688	0.003631802
687	0.003662038
686	0.003745516
685	0.003786128
684	0.003811818
683	0.003940577
682	0.004010913
681	0.004073565
680	0.004083143
679	0.004188043
678	0.004285829
677	0.004315369
676	0.004420136
675	0.004497013
674	0.004550831
673	0.004617039
672	0.004678822
671	0.004757771
670	0.004753742
669	0.004924529
668	0.004933844
667	0.005070337
666	0.005085221
665	0.005155994
664	0.005250503
663	0.005298484
662	0.005353272
661	0.005384505
660	0.00545278
659	0.005529871
658	0.005575259
657	0.005658279
656	0.005692767
655	0.005793307
654	0.005807321
653	0.005914912
652	0.005967431
651	0.00608991
650	0.006147065
649	0.006195941
648	0.006263348
647	0.006336675
646	0.006391159
645	0.006476957
644	0.006568769
643	0.006589511
642	0.0066703
641	0.006730879
640	0.006815227
639	0.006879053
638	0.006981864
637	0.007042618
636	0.007093767
635	0.007186726
634	0.007277552
633	0.007334362
632	0.007462536
631	0.007547664
630	0.007568867
629	0.00767625
628	0.007711329
627	0.007830501
626	0.007885815
625	0.007954901
624	0.008075139
623	0.008142206
622	0.008193956
621	0.008262388
620	0.0083879
619	0.008414948
618	0.008553599
617	0.008584783
616	0.008671318
615	0.008793948
614	0.008841902
613	0.008914844
612	0.009027964
611	0.009087359
610	0.00916012
609	0.009255935
608	0.009329717
607	0.009394533
606	0.009500566
605	0.009556459
604	0.009644901
603	0.009730493
602	0.00978214
601	0.009895473
600	0.009948843
599	0.010019769
598	0.010143315
597	0.010262662
596	0.010342353
595	0.010385438
594	0.010521558
593	0.010580413
592	0.0106514
591	0.010752029
590	0.010882945
589	0.010985904
588	0.011072555
587	0.011181529
586	0.011318685
585	0.011403053
584	0.011520669
583	0.011615809
582	0.011731372
581	0.011811333
580	0.011933494
579	0.012028442
578	0.01216156
577	0.012283464
576	0.012418629
575	0.012540633
574	0.012674487
573	0.012771301
572	0.012913223
571	0.013008275
570	0.013162736
569	0.013302168
568	0.013422402
567	0.013533591
566	0.013643898
565	0.013819567
564	0.013948704
563	0.014097315
562	0.014247878
561	0.014394098
560	0.014574915
559	0.014710453
558	0.014905355
557	0.01502901
556	0.015188568
555	0.015336252
554	0.015531644
553	0.015651704
552	0.015901924
551	0.016026639
550	0.016205172
549	0.016401173
548	0.016531952
547	0.016721135
546	0.016959146
545	0.017094895
544	0.01729186
543	0.017403955
542	0.017606053
541	0.017869614
540	0.018010617
539	0.018236018
538	0.018415177
537	0.018615084
536	0.018795481
535	0.019015479
534	0.01919087
533	0.019407992
532	0.019599579
531	0.019829803
530	0.019993618
529	0.020280034
528	0.020480735
527	0.020701005
526	0.020949613
525	0.02111344
524	0.021338438
523	0.021607005
522	0.021793305
521	0.022045192
520	0.022234303
519	0.022439472
518	0.022673072
517	0.022928501
516	0.023208552
515	0.023344946
514	0.023603876
513	0.023838952
512	0.024079489
511	0.024299465
510	0.024561535
509	0.024740675
508	0.024985182
507	0.025258431
506	0.025464799
505	0.025745643
504	0.025947775
503	0.026239749
502	0.026497989
501	0.026725954
500	0.027012746
499	0.027209524
498	0.027455743
497	0.027731095
496	0.027983099
495	0.028244735
494	0.028466204
493	0.028726574
492	0.028962452
491	0.029192456
490	0.029532579
489	0.029742892
488	0.030017359
487	0.030322891
486	0.030560799
485	0.030814096
484	0.031074054
483	0.031332007
482	0.031611983
481	0.031881443
480	0.032156022
479	0.032414051
478	0.03273497
477	0.03296269
476	0.033251927
475	0.033529778
474	0.033816253
473	0.034050287
472	0.034356422
471	0.034641808
470	0.034872826
469	0.035210946
468	0.035511165
467	0.035796081
466	0.036078647
465	0.036426379
464	0.036717653
463	0.037017365
462	0.037303829
461	0.037625601
460	0.037961666
459	0.038267107
458	0.038637604
457	0.039013763
456	0.039317813
455	0.039691277
454	0.040045292
453	0.040378049
452	0.040745585
451	0.041132067
450	0.041504687
449	0.041932743
448	0.042362551
447	0.042704537
446	0.043140082
445	0.043530945
444	0.043970919
443	0.044352726
442	0.044812204
441	0.045260587
440	0.045679456
439	0.046156686
438	0.046603575
437	0.047015579
436	0.047482325
435	0.047976467
434	0.048452141
433	0.048981111
432	0.049437795
431	0.049937889
430	0.050520784
429	0.050979816
428	0.051466637
427	0.052002284
426	0.052490326
425	0.052983569
424	0.053503141
423	0.054069076
422	0.054593038
421	0.055126139
420	0.055632031
419	0.056177631
418	0.05664811
417	0.057196442
416	0.057685921
415	0.058279654
414	0.058804285
413	0.059295355
412	0.059766151
411	0.060404705
410	0.060797735
409	0.061326399
408	0.061914187
407	0.062478163
406	0.062994306
405	0.063559271
404	0.064093199
403	0.064738352
402	0.065235874
401	0.065802157
400	0.066428185
399	0.066968729
398	0.067475498
397	0.068132464
396	0.068691148
395	0.069234848
394	0.069881623
393	0.070509715
392	0.071191665
391	0.071880413
390	0.072552262
389	0.073268649
388	0.073937846
387	0.074782683
386	0.075610946
385	0.076322102
384	0.077252491
383	0.078000444
382	0.078870419
381	0.0798126
380	0.080631776
379	0.081375456
378	0.082312199
377	0.08311529
376	0.084065004
375	0.084971482
374	0.085667845
373	0.086700405
372	0.087324454
371	0.088298335
370	0.089052282
369	0.089653498
368	0.090438611
367	0.09125418
366	0.091653708
365	0.092274003
364	0.093011065
363	0.093654842
362	0.094078804
361	0.094585778
360	0.095208666
359	0.095419669
358	0.096385152
357	0.096712589
356	0.097370382
355	0.097912472
354	0.09806101
353	0.098254464
352	0.098888906
351	0.098914476
350	0.099174277
349	0.100183495
348	0.103378758
347	0.103943177
346	0.104646371
345	0.105181226
344	0.106209369
343	0.106985462
342	0.107789901
341	0.108380625
340	0.108842183
339	0.109999464
338	0.110487564
337	0.111136404
336	0.112577232
335	0.112996027
334	0.113946253
333	0.114489327
332	0.115585563
331	0.116302515
330	0.117232957
329	0.118245273
328	0.11885507
327	0.120215242
326	0.120631465
325	0.121574736
324	0.1224483
323	0.123394659
322	0.124402875
321	0.125050269
320	0.125957674
319	0.126985481
318	0.127850441
317	0.12890238
316	0.130239867
315	0.131539471
314	0.133030554
313	0.133783273
312	0.135144628
311	0.13618617
310	0.138042612
309	0.138891145
308	0.140788096
307	0.141769142
306	0.143547162
305	0.143792001
304	0.145542323
303	0.147461443
302	0.147789573
301	0.1495102
300	0.151052569
-1.0		-1.0
